03 01024344
00 41424344
00 41424344
00 41424344
00 41424344
00 41424344
00 41424344
00 41424344
00 41424344
00 41424344
00 41424344
00 41424344
00 41424344
00 41424344
00 41424344
00 41424344
00 41424344
00 41424344
00 41424344
00 41424344
00 41424344
00 41424344
00 41424344
00 41424344
00 41424344
00 41424344
00 41424344
00 41424344
00 41424344
00 41424344
00 41424344
00 41424344
00 41424344
00 41424344
00 41424344
00 41424344
00 41424344
00 41424344
00 41424344
00 41424344
00 41424344
00 41424344
00 41424344
00 41424344
00 41424344
00 41424344
00 41424344
00 41424344
00 41424344
00 41424344
00 41424344
00 41424344
00 41424344
00 41424344
00 41424344
00 41424344
00 41424344
00 41424344
00 41424344
00 41424344
00 41424344
00 41424344
00 41424344
00 41424344
